.Random.seed <-
c(10403L, 10L, 1625373637L, 1625263391L, 464166054L, -2016686544L, 
796718291L, 2138487537L, 1611344416L, -1432924994L, -1027467063L, 
-1296217477L, 1896972362L, -927805268L, -1589164113L, 568013669L, 
431859996L, 435065202L, 143618541L, -1764207065L, 900388430L, 
-773145944L, -306063189L, 1101160905L, -1702842920L, -600834938L, 
512598369L, 1637131507L, -1840370846L, 738665940L, 1833513175L, 
347185869L, 200966756L, -399632310L, -1714311755L, -416911089L, 
1531891222L, 288901312L, 1590509187L, -1943340383L, -1138299760L, 
1023092590L, 550510873L, 326803883L, 202497946L, -1073828004L, 
1370168927L, -125874635L, 1844325836L, 1766747426L, 1500649341L, 
-1663423369L, -1420758626L, 164104280L, 768849339L, -1182123175L, 
706341096L, 1910024470L, 2064923281L, 1106589507L, 906789458L, 
1130710244L, -1339248857L, -1886254211L, -802148748L, -1155567526L, 
1126918309L, 733444799L, 322552134L, -1283557424L, -997547533L, 
635637009L, -149231296L, 716994846L, 1052278249L, -1486786789L, 
-1972635350L, 1230082636L, 1623617039L, 29032773L, 79686396L, 
257114450L, 1019995853L, -119169401L, 1917593966L, 1596105544L, 
-1884891317L, -413344087L, -297319432L, 2009602854L, -713749439L, 
1313668563L, -688132222L, 893920180L, -770991305L, -146245075L, 
1401568068L, 947556458L, 468019925L, 1426044015L, 1487777142L, 
-1118603616L, -1366625437L, -1789667327L, 484254576L, 702335758L, 
456091001L, 4604171L, -757333446L, 1086085436L, -1068566913L, 
2037145045L, -1161210900L, -1572518590L, 1888656029L, -586565865L, 
-108456322L, -921545160L, 162115867L, 1026479737L, 2114785992L, 
-29875466L, -1775867087L, 1176378211L, 41955634L, 1798427268L, 
-2064073017L, 1340982685L, 693702932L, -359678022L, 1312078341L, 
-1132803105L, 658203238L, -610509328L, -1552061677L, 139228337L, 
-597702816L, -142277378L, -1685846903L, 354263995L, -1206497910L, 
622201964L, -1289247249L, 1166425637L, 505666268L, 1517047986L, 
-1892260947L, 876320615L, -1895439218L, -687840920L, -1007230613L, 
784192265L, 642483608L, -894929722L, -1039938015L, -1801294157L, 
-358575070L, -800305644L, 360071831L, -362406771L, -280030812L, 
1640610698L, 533321717L, -362752433L, -1518997162L, 158751744L, 
420173123L, 119904481L, 1515270736L, 6442670L, 969120345L, -539286933L, 
-788379686L, -261199716L, -796415329L, 1393690869L, 1829507468L, 
1887968354L, -355898307L, -1957355849L, 1092369758L, 1519723672L, 
-996700165L, -1882548839L, -1406867928L, 1860296406L, -39142575L, 
974528003L, 225296786L, 806199076L, 491770343L, -905281987L, 
837462196L, -1186939110L, 1983984741L, 954809599L, -317313658L, 
-846421232L, -1781434445L, 1064066129L, -356909056L, -124866338L, 
-664106199L, -1699744037L, -24730134L, -828363380L, 165184207L, 
-1877148027L, 1707187516L, -1088233454L, 1589530381L, -195105721L, 
-1196794322L, -1331419256L, 1852551819L, 1598833769L, 1370318904L, 
-404709146L, 1831200897L, -1736126445L, 1018484674L, -683364236L, 
-1047165321L, -884615315L, -1397143548L, 1709482794L, 1337874581L, 
1647675183L, 752201270L, -1607079276L, 1730369154L, -627181120L, 
-109453508L, -1493891440L, 905343778L, -2076717560L, -358131956L, 
678076316L, -1022081006L, -1278839936L, -470507756L, 1901975848L, 
2140743738L, -1324898352L, 70394476L, -2139737036L, -874423150L, 
-95443616L, -492826292L, 2107855328L, 1764968354L, 34746280L, 
-745341812L, -186213444L, 523141234L, 1479300080L, 754774084L, 
-1655450536L, 855095354L, -2104815504L, -1832998340L, 834534164L, 
-1260843326L, -1096433952L, 41170044L, -728440624L, -982133854L, 
1516610088L, 920018188L, -1982108740L, 1914236210L, -751995712L, 
-950272460L, -1706043704L, -1715482950L, -1160009584L, 1366387436L, 
-975826348L, -631531886L, 1964837664L, 1751976908L, -516070176L, 
-1535219006L, -2055970776L, 1524605868L, -1191869764L, 1794625010L, 
-37056976L, 142935972L, 6555064L, -1401370790L, 850585744L, -1761459332L, 
-670876908L, 686178626L, -836463872L, -136333380L, 1899660112L, 
609824034L, 468911688L, 496191500L, -521471908L, -1975729710L, 
399335936L, 184269140L, -951950104L, 937786618L, -830783792L, 
798225708L, -1841579788L, -575005294L, -1585606304L, 1121095692L, 
161081056L, -1255749022L, 1691616936L, 1663268428L, 1845707644L, 
1558123826L, 1138144880L, 1697164100L, 104002520L, -2040696966L, 
-3405264L, 1449499580L, -861830572L, 1057072194L, -1328078688L, 
-540104004L, 1865477584L, -586254494L, -511317272L, 1245574348L, 
-377930244L, 895576562L, 1035847296L, 561808884L, 1982378632L, 
1795444538L, 989704016L, -1278673812L, -746015340L, -1881680814L, 
719673824L, -99980084L, -252143456L, 817936770L, -727725848L, 
-349304084L, 634369340L, 1910961266L, -1106981776L, 366572580L, 
177438776L, 419246874L, -1141840688L, -1353874628L, -518041708L, 
-1771358334L, -391701056L, -1464823236L, 726538640L, 274309666L, 
2124561672L, -177560948L, 1765975836L, 1263999122L, 1772030336L, 
994273812L, 1830826792L, 397377082L, -465337904L, 1086211436L, 
755702708L, 439471122L, 1449687520L, -183927860L, 1219950816L, 
1352708130L, -1577079512L, -1013232116L, 700918588L, -149134350L, 
1622527728L, -1381445052L, -1003499944L, -280202438L, 1276731888L, 
1878752956L, -249508588L, -1241917758L, 795138144L, 994887548L, 
-1907610672L, 1451953442L, -546154840L, 493104012L, -1767334724L, 
-1953544398L, 2115590720L, -1967284044L, 1835420232L, 1694240186L, 
-785718768L, 305256172L, 2069869908L, -1866828526L, -1430185568L, 
2067527372L, 1906282080L, -1189577790L, 2121411368L, 168786860L, 
1918484284L, 1585012082L, -2104242384L, 432928036L, -1708031176L, 
-626524454L, -1014961264L, -1042539780L, -2138438764L, 209068098L, 
1619132672L, -1673552836L, 1228084560L, 1151316130L, 1642243400L, 
-1470117108L, 1471802076L, -1837117102L, 800360576L, -536335276L, 
-1230421016L, -65102598L, -1012826288L, -1705887956L, -1975616140L, 
-1278771310L, 401661024L, -296663668L, -719408288L, 1855411682L, 
-713440344L, -703280948L, -435760132L, -702791246L, -1534153232L, 
-1012088892L, 248334680L, -1079771782L, 54011824L, 1775205820L, 
-827181996L, 889575362L, -1553676256L, -642297784L, -769447823L, 
-1725159965L, 969892068L, -1274418158L, -636704793L, -1216491599L, 
1706893814L, 1330940948L, 2099737381L, -1888213969L, 974075368L, 
75424454L, -1247704205L, -753699883L, -1337091150L, -1128333952L, 
978470249L, -1253152293L, 1396298028L, 844354362L, -852742673L, 
2128074873L, 1702118158L, -215935268L, -1401150131L, 185350327L, 
-732184000L, -1151354082L, -484531733L, -103576211L, 1757107162L, 
1982395800L, 1601469441L, -988684877L, -1062386476L, -90156574L, 
1109265527L, 187191745L, -1419326650L, -1042639228L, -340017099L, 
-849047521L, 955897720L, -1548538282L, 6709987L, -659127131L, 
-1063662270L, -1849484496L, 753254233L, 554570955L, -1698708164L, 
-1783393942L, 1930066847L, -1963518423L, -862742338L, -1203805780L, 
-1594827011L, -815609273L, -1323144912L, 2030981710L, 233151099L, 
697756125L, 1597505546L, -1747648216L, -1202495599L, -1830612605L, 
19934852L, 840846514L, -1883542521L, 1033173073L, -2082650154L, 
-894089548L, 426890949L, 1020815375L, -929441656L, -1251448410L, 
-179678893L, -875191627L, -239986670L, -503473696L, 584592457L, 
-844719493L, -1916181684L, 1658988250L, 926653135L, 159976089L, 
-1552316754L, 442323900L, -2093315027L, 1126106071L, -1454970336L, 
1229155198L, 604534091L, -917342387L, -1985217158L, -795623496L, 
-112884383L, -1251993325L, 1570525492L, 1732881218L, 1010969431L, 
-1650341215L, -839922842L, -189110940L, -169054059L, 1591869887L, 
-2139359912L, 134138742L, -186422909L, 1947765701L, 506368226L, 
-213867184L, 1863058553L, 29415339L, 546643228L, -1499825590L, 
-1135108545L, -1774095735L, 605394590L, 690135884L, -763305187L, 
-288066905L, -1017022000L, 232632686L, -1031709669L, -400231043L, 
1092731754L, -1920313848L, 271444657L, -1813474013L, 541001252L, 
563088594L, -1719907033L, 1554802545L, 1995277750L, 249195860L, 
-1816654875L, 1156126191L, -515982040L, 235801990L, -851261005L, 
-480295659L, -1250269326L, 990757824L, -673954775L, 1356255387L, 
